711
208
102
116
646
223
657
153
84
279
471
728
851
841
397
931
375
715
11
625
511
163
469
448
603
292
822
994
596
671
768
715
326
739
514
791
418
47
676
809
739
449
805
68
373
953
340
58
914
168
174
837
876
727
476
655
111
701
709
958
305
605
935
960
421
924
133
162
681
168
807
31
459
567
793
386
720
490
895
49
606
790
367
165
675
83
981
590
357
546
484
445
423
905
102
608
659
512
22
185
501
169
130
819
687
218
877
247
733
934
805
137
826
347
804
53
455
62
839
559
23
13
165
710
491
454
969
931
476
980
336
236
174
137
198
182
128
26
581
273
944
304
570
220
747
211
181
841
651
48
869
692
98
592
826
216
418
79
859
215
51
488
849
300
507
655
961
316
439
619
358
282
659
482
718
867
224
536
269
887
519
108
899
862
269
340
239
558
533
24
426
783
191
474
122
598
920
932
496
470
12
829
605
308
317
245
861
981
477
597
118
164
586
571
904
495
448
893
689
752
218
250
195
158
692
180
786
191
242
908
270
20
23
663
432
169
227
795
599
699
266
342
508
483
781
438
8
552
736
217
833
26
296
901
13
474
326
769
291
200
399
420
730
446
329
832
726
528
299
264
402
887
347
586
434
798
58
66
113
755
250
695
357
712
888
200
45
889
999
258
147
115
298
607
779
444
590
977
113
43